4692010.7720     7524387.6790
4692024.8540     7524419.3180
4692026.4741     7524386.0942
4692027.2690     7524390.7790
4692028.8340     7524427.3080
4692029.6640     7524396.6900
4692032.1420     7524396.9220
4692032.6130     7524428.2180
4692041.6420     7524422.0840
4692047.7929     7524383.9425
4692048.3420     7524459.6480
4692049.0510     7524503.3170
4692051.5453     7524383.5637
4692055.7720     7524418.7470
4692056.1050     7524416.1830
4692058.2700     7524562.6270
4692059.6640     7524414.2020
4692060.0382     7524462.6416
4692060.0382     7524475.2500
4692061.0801     7524497.4661
4692061.4625     7524500.6176
4692062.4440     7524428.7150
4692063.4610     7524496.3080
4692064.7640     7524606.0580
4692066.9518     7524452.2376
4692071.6070     7524491.8790
4692073.2836     7524494.4167
4692074.1052     7524604.7992
4692075.3459     7524490.2444
4692075.9966     7524493.2030
4692077.4760     7524539.8618
4692079.9780     7524380.6940
4692083.3516     7524603.5531
4692087.1230     7524521.7330
4692087.2110     7524548.7970
4692087.7800     7524491.0190
4692088.4340     7524484.1620
4692091.4450     7524449.6510
4692091.4472     7524449.6247
4692091.5610     7524448.2600
4692091.6650     7524593.4450
4692092.5980     7524602.3070
4692093.4190     7524442.0780
4692095.2420     7524425.2710
4692102.4810     7524397.8460
4692112.0410     7524377.2720
4692113.0210     7524375.0520
